img/vlcsnap-2017-08-11-15h46m06s938.png 1 278 117 31 145
img/vlcsnap-2017-08-11-15h46m08s674.png 1 271 114 39 137
img/vlcsnap-2017-08-11-15h46m09s968.png 1 288 94 52 144
img/vlcsnap-2017-08-11-15h46m15s059.png 1 168 157 39 89
img/vlcsnap-2017-08-11-15h46m16s308.png 1 23 160 51 89
img/vlcsnap-2017-08-11-15h46m17s020.png 1 171 177 44 14
img/vlcsnap-2017-08-11-15h46m23s266.png 1 173 160 45 16
img/vlcsnap-2017-08-11-15h46m24s443.png 1 189 134 34 22
img/vlcsnap-2017-08-11-15h46m26s107.png 1 261 150 22 29
img/vlcsnap-2017-08-11-15h46m27s346.png 1 313 141 18 38
img/vlcsnap-2017-08-11-15h46m28s424.png 1 307 148 24 26
img/vlcsnap-2017-08-11-15h46m29s765.png 1 285 160 23 24
img/vlcsnap-2017-08-11-15h46m30s710.png 1 336 160 26 26
img/vlcsnap-2017-08-11-15h46m31s738.png 1 351 164 28 24
img/vlcsnap-2017-08-11-15h46m32s823.png 1 139 181 28 24
img/vlcsnap-2017-08-11-15h46m36s175.png 1 163 178 33 19
img/vlcsnap-2017-08-11-15h46m37s192.png 1 120 196 32 12
img/vlcsnap-2017-08-11-15h46m38s145.png 1 84 193 29 15
img/vlcsnap-2017-08-11-15h46m39s139.png 1 45 185 19 14
img/vlcsnap-2017-08-11-15h46m41s457.png 1 229 176 13 21
img/vlcsnap-2017-08-11-15h46m43s090.png 1 388 181 21 19
img/vlcsnap-2017-08-11-15h46m44s507.png 1 419 184 39 22
img/vlcsnap-2017-08-11-15h46m47s813.png 1 409 190 32 14
img/vlcsnap-2017-08-11-15h47m03s772.png 1 159 40 30 13
img/vlcsnap-2017-08-11-15h47m07s001.png 1 269 55 22 20
img/vlcsnap-2017-08-11-15h47m08s982.png 1 268 169 9 20
img/vlcsnap-2017-08-11-15h47m11s030.png 1 272 169 13 25
img/vlcsnap-2017-08-11-15h47m17s653.png 1 270 170 16 24
img/vlcsnap-2017-08-11-15h47m19s577.png 1 273 170 12 21
img/vlcsnap-2017-08-11-15h47m20s855.png 1 257 169 37 41
img/vlcsnap-2017-08-11-15h47m22s451.png 1 324 166 45 45
img/vlcsnap-2017-08-11-15h47m44s435.png 1 299 171 44 43
img/vlcsnap-2017-08-11-15h47m45s099.png 1 309 170 25 52
img/vlcsnap-2017-08-11-15h47m48s145.png 1 477 115 53 44
img/vlcsnap-2017-08-11-15h47m49s422.png 1 467 170 60 31
img/vlcsnap-2017-08-11-15h47m50s626.png 1 461 149 34 69
img/vlcsnap-2017-08-11-15h47m52s801.png 1 439 155 60 24
img/vlcsnap-2017-08-11-15h47m53s934.png 1 458 136 34 62
img/vlcsnap-2017-08-11-15h47m56s250.png 1 452 104 25 62
img/vlcsnap-2017-08-11-15h47m57s262.png 1 505 67 73 42
img/vlcsnap-2017-08-11-15h47m59s084.png 1 511 59 70 49
img/vlcsnap-2017-08-11-15h48m08s341.png 1 515 52 61 57
img/vlcsnap-2017-08-11-15h48m09s420.png 1 515 40 57 63
img/vlcsnap-2017-08-11-15h48m10s870.png 1 522 34 47 68
img/vlcsnap-2017-08-11-15h48m12s715.png 1 456 80 41 89
img/vlcsnap-2017-08-11-15h48m14s035.png 1 308 185 96 68
img/vlcsnap-2017-08-11-15h48m15s401.png 1 345 218 99 45
img/vlcsnap-2017-08-11-15h48m16s277.png 1 398 227 105 102
img/vlcsnap-2017-08-11-15h48m17s479.png 1 512 331 124 20
img/vlcsnap-2017-08-11-15h48m18s666.png 1 313 312 82 57
img/vlcsnap-2017-08-11-15h48m19s709.png 1 276 226 43 131
img/vlcsnap-2017-08-11-15h48m25s548.png 1 292 227 39 129
img/vlcsnap-2017-08-11-15h48m34s476.png 1 144 211 51 126
img/vlcsnap-2017-08-11-15h48m36s248.png 1 155 211 50 127
img/vlcsnap-2017-08-11-15h48m37s774.png 1 28 205 55 111
img/vlcsnap-2017-08-11-15h48m40s395.png 1 390 49 37 163
img/vlcsnap-2017-08-11-15h48m42s094.png 1 378 79 46 169
img/vlcsnap-2017-08-11-15h48m43s394.png 1 416 155 50 136
img/vlcsnap-2017-08-11-15h48m50s012.png 1 108 153 50 111
img/vlcsnap-2017-08-11-15h48m53s037.png 1 134 79 39 98
img/vlcsnap-2017-08-11-15h48m53s981.png 1 139 48 30 97
img/vlcsnap-2017-08-11-15h48m55s276.png 1 127 191 31 94
img/vlcsnap-2017-08-11-15h48m56s432.png 1 158 232 29 91
img/vlcsnap-2017-08-11-15h48m57s383.png 1 203 248 23 78
img/vlcsnap-2017-08-11-15h48m58s585.png 1 375 219 19 72
img/vlcsnap-2017-08-11-15h48m59s644.png 1 554 212 14 46
img/vlcsnap-2017-08-11-15h49m00s728.png 1 525 206 15 75
img/vlcsnap-2017-08-11-15h49m01s740.png 1 429 200 21 58
img/vlcsnap-2017-08-11-15h49m02s803.png 1 271 196 15 54
img/vlcsnap-2017-08-11-15h49m04s074.png 1 124 205 17 54
img/vlcsnap-2017-08-11-15h49m05s439.png 1 175 204 18 44
img/vlcsnap-2017-08-11-15h49m07s779.png 1 186 201 16 42
img/vlcsnap-2017-08-11-15h49m09s056.png 1 193 196 14 44
img/vlcsnap-2017-08-11-15h49m10s282.png 1 240 192 16 42
img/vlcsnap-2017-08-11-15h49m11s388.png 1 326 196 11 37
img/vlcsnap-2017-08-11-15h49m12s476.png 1 368 191 13 39
img/vlcsnap-2017-08-11-15h49m13s576.png 1 425 191 12 36
img/vlcsnap-2017-08-11-15h49m14s652.png 1 479 189 12 41
img/vlcsnap-2017-08-11-15h49m15s537.png 1 513 199 14 38
img/vlcsnap-2017-08-11-15h49m16s423.png 1 480 198 17 40
img/vlcsnap-2017-08-11-15h49m17s403.png 1 446 186 18 39
img/vlcsnap-2017-08-11-15h49m19s255.png 1 326 174 9 13
img/vlcsnap-2017-08-11-15h49m20s233.png 1 296 166 28 21
img/vlcsnap-2017-08-11-15h49m21s240.png 1 292 171 31 14
img/vlcsnap-2017-08-11-15h49m23s788.png 1 95 111 39 47
img/vlcsnap-2017-08-11-15h49m25s021.png 1 120 109 32 33
img/vlcsnap-2017-08-11-15h49m26s269.png 1 112 101 17 37
img/vlcsnap-2017-08-11-15h49m27s432.png 1 96 110 43 36
img/vlcsnap-2017-08-11-15h49m31s650.png 1 119 92 31 22
img/vlcsnap-2017-08-11-15h49m32s739.png 1 133 93 53 16
img/vlcsnap-2017-08-11-15h49m33s620.png 1 162 130 21 61
img/vlcsnap-2017-08-11-15h49m34s507.png 1 173 91 13 34
img/vlcsnap-2017-08-11-15h49m35s550.png 1 249 96 25 17
img/vlcsnap-2017-08-11-15h49m36s434.png 1 193 60 65 97
img/vlcsnap-2017-08-11-15h49m37s401.png 1 186 141 114 26
img/vlcsnap-2017-08-11-15h49m38s248.png 1 139 132 35 68
img/vlcsnap-2017-08-11-15h49m41s741.png 1 127 94 28 77
img/vlcsnap-2017-08-11-15h49m42s687.png 1 241 166 20 43
img/vlcsnap-2017-08-11-15h49m43s595.png 1 225 166 31 44
img/vlcsnap-2017-08-11-15h49m44s598.png 1 228 167 46 21
img/vlcsnap-2017-08-11-15h49m46s312.png 1 182 173 19 15
img/vlcsnap-2017-08-11-15h49m56s713.png 1 129 162 18 24
img/vlcsnap-2017-08-11-15h49m57s550.png 1 362 163 13 13
img/vlcsnap-2017-08-11-15h49m58s398.png 1 114 378 55 27
img/vlcsnap-2017-08-11-15h49m59s291.png 1 145 116 94 161
img/vlcsnap-2017-08-11-15h50m02s144.png 1 138 150 38 83
img/vlcsnap-2017-08-11-15h50m08s302.png 1 141 147 39 80
img/vlcsnap-2017-08-11-15h50m10s393.png 1 156 164 31 64
img/vlcsnap-2017-08-11-15h53m41s750.png 1 135 152 29 58
img/vlcsnap-2017-08-11-15h53m47s482.png 1 183 148 29 59
img/vlcsnap-2017-08-11-15h53m48s458.png 1 200 151 28 58
img/vlcsnap-2017-08-11-15h53m50s260.png 1 223 156 27 50
img/vlcsnap-2017-08-11-15h53m51s862.png 1 298 155 23 47
img/vlcsnap-2017-08-11-15h53m53s229.png 1 276 159 22 42
img/vlcsnap-2017-08-11-15h53m54s108.png 1 214 157 21 44
img/vlcsnap-2017-08-11-15h53m55s053.png 1 225 149 21 42
img/vlcsnap-2017-08-11-15h53m56s177.png 1 275 164 21 41
img/vlcsnap-2017-08-11-15h53m56s999.png 1 397 185 13 35
img/vlcsnap-2017-08-11-15h53m58s178.png 1 391 162 21 35
img/vlcsnap-2017-08-11-15h53m58s933.png 1 339 133 13 34
img/vlcsnap-2017-08-11-15h54m00s120.png 1 275 138 20 32
img/vlcsnap-2017-08-11-15h54m01s470.png 1 226 145 19 31
img/vlcsnap-2017-08-11-15h54m02s486.png 1 192 136 16 33
img/vlcsnap-2017-08-11-15h54m03s361.png 1 228 139 17 32
img/vlcsnap-2017-08-11-15h54m04s380.png 1 247 122 12 32
img/vlcsnap-2017-08-11-15h54m05s531.png 1 327 137 29 26
img/vlcsnap-2017-08-11-15h54m07s020.png 1 361 128 25 27
img/vlcsnap-2017-08-11-15h54m08s495.png 1 399 132 15 36
img/vlcsnap-2017-08-11-15h54m09s241.png 1 424 135 15 34
img/vlcsnap-2017-08-11-15h54m10s218.png 1 452 134 15 30
img/vlcsnap-2017-08-11-15h54m14s172.png 1 388 142 15 33
img/vlcsnap-2017-08-11-15h54m14s738.png 1 305 140 21 32
img/vlcsnap-2017-08-11-15h54m15s415.png 1 132 146 15 33
img/vlcsnap-2017-08-11-15h54m16s068.png 1 198 142 21 37
img/vlcsnap-2017-08-11-15h54m17s424.png 1 325 148 20 38
img/vlcsnap-2017-08-11-15h54m18s243.png 1 417 130 15 43
img/vlcsnap-2017-08-11-15h54m19s205.png 1 475 126 17 39
img/vlcsnap-2017-08-11-15h54m24s217.png 1 524 124 19 46
img/vlcsnap-2017-08-11-15h54m24s932.png 1 511 115 21 53
img/vlcsnap-2017-08-11-15h54m25s700.png 1 463 114 18 54
img/vlcsnap-2017-08-11-15h54m26s435.png 1 392 130 19 54
img/vlcsnap-2017-08-11-15h54m27s190.png 1 397 108 24 51
img/vlcsnap-2017-08-11-15h54m27s916.png 1 383 133 16 54
img/vlcsnap-2017-08-11-15h54m28s608.png 1 289 143 25 53
img/vlcsnap-2017-08-11-15h54m29s411.png 1 279 133 18 55
img/vlcsnap-2017-08-11-15h54m30s106.png 1 215 143 12 60
img/vlcsnap-2017-08-11-15h54m30s902.png 1 117 155 14 55
img/vlcsnap-2017-08-11-15h54m31s742.png 1 83 147 18 49
img/vlcsnap-2017-08-11-15h54m32s436.png 1 93 149 21 46
img/vlcsnap-2017-08-11-15h54m33s176.png 1 141 143 16 44
img/vlcsnap-2017-08-11-15h54m34s320.png 1 166 152 14 39
img/vlcsnap-2017-08-11-15h54m35s858.png 1 206 136 11 37
img/vlcsnap-2017-08-11-15h54m36s590.png 1 243 128 14 37
img/vlcsnap-2017-08-11-15h54m37s322.png 1 276 133 14 35
img/vlcsnap-2017-08-11-15h54m38s228.png 1 313 147 11 35
img/vlcsnap-2017-08-11-15h54m38s867.png 1 377 143 14 37
img/vlcsnap-2017-08-11-15h54m39s777.png 1 450 146 18 35
img/vlcsnap-2017-08-11-15h54m40s451.png 1 449 167 17 36
img/vlcsnap-2017-08-11-15h54m41s105.png 1 370 145 15 36
img/vlcsnap-2017-08-11-15h54m41s856.png 1 341 147 16 41
img/vlcsnap-2017-08-11-15h54m42s658.png 1 311 151 14 37
img/vlcsnap-2017-08-11-15h54m43s260.png 1 265 157 10 33
img/vlcsnap-2017-08-11-15h54m44s008.png 1 259 155 6 18
img/vlcsnap-2017-08-11-15h54m44s837.png 1 337 129 9 10
img/vlcsnap-2017-08-11-15h54m45s569.png 1 300 143 12 31
img/vlcsnap-2017-08-11-15h54m46s340.png 1 215 203 11 34
img/vlcsnap-2017-08-11-15h54m47s087.png 1 216 223 11 34
img/vlcsnap-2017-08-11-15h54m47s835.png 1 235 204 12 33
img/vlcsnap-2017-08-11-15h54m48s631.png 1 210 228 11 30
img/vlcsnap-2017-08-11-15h54m50s375.png 1 178 168 15 42
img/vlcsnap-2017-08-11-15h54m53s122.png 1 148 162 25 50
img/vlcsnap-2017-08-11-15h54m55s419.png 1 184 163 16 47
img/vlcsnap-2017-08-11-15h54m58s194.png 1 212 170 12 52
img/vlcsnap-2017-08-11-15h54m59s136.png 1 270 174 18 57
img/vlcsnap-2017-08-11-15h55m00s527.png 1 516 164 22 67
img/vlcsnap-2017-08-11-15h55m04s176.png 1 563 150 17 73
img/vlcsnap-2017-08-11-15h55m05s003.png 1 538 140 24 73
img/vlcsnap-2017-08-11-15h55m07s356.png 1 339 129 25 79
img/vlcsnap-2017-08-11-15h55m08s514.png 1 291 156 20 72
img/vlcsnap-2017-08-11-15h55m09s686.png 1 210 141 19 75
img/vlcsnap-2017-08-11-15h55m12s130.png 1 156 134 22 72
img/vlcsnap-2017-08-11-15h55m13s067.png 1 87 129 23 76
img/vlcsnap-2017-08-11-15h55m15s456.png 1 64 122 16 92
img/vlcsnap-2017-08-11-15h55m17s405.png 1 302 86 40 109
img/vlcsnap-2017-08-11-15h55m18s515.png 1 422 99 42 112
img/vlcsnap-2017-08-11-15h55m19s239.png 1 482 99 41 108
img/vlcsnap-2017-08-11-15h55m20s131.png 1 568 76 50 117
img/vlcsnap-2017-08-11-15h55m20s962.png 1 580 67 55 117
img/vlcsnap-2017-08-11-15h55m21s843.png 1 511 65 56 114
img/vlcsnap-2017-08-11-15h55m24s058.png 1 351 75 39 113
img/vlcsnap-2017-08-11-15h55m24s774.png 1 187 83 27 112
img/vlcsnap-2017-08-11-15h55m26s326.png 1 82 155 18 87
img/vlcsnap-2017-08-11-15h55m27s034.png 1 180 162 21 80
img/vlcsnap-2017-08-11-15h55m27s768.png 1 255 216 26 79
img/vlcsnap-2017-08-11-15h55m28s802.png 1 369 229 29 88
img/vlcsnap-2017-08-11-15h55m29s552.png 1 470 224 25 91
img/vlcsnap-2017-08-11-15h55m30s155.png 1 374 256 25 121
img/vlcsnap-2017-08-11-15h55m30s965.png 1 129 222 26 95
img/vlcsnap-2017-08-11-15h55m31s856.png 1 222 218 13 87
img/vlcsnap-2017-08-11-15h55m32s514.png 1 323 187 25 75
img/vlcsnap-2017-08-11-15h55m33s338.png 1 184 181 20 59
img/vlcsnap-2017-08-11-15h55m34s283.png 1 297 162 19 51
img/vlcsnap-2017-08-11-15h55m34s783.png 1 320 174 15 43
img/vlcsnap-2017-08-11-15h55m35s637.png 1 313 174 14 42